1528 624
1528 1259
473 2041
481 2045
489 2046
497 2049
505 2053
513 2056
521 2059
529 2063
537 2066
545 2070
553 2073
561 2076
569 2080
577 2083
585 2086
593 2089
601 2093
609 2096
617 2099
625 2103
671 2116
679 2119
687 2122
695 2126
703 2129
711 2132
719 2135
727 2138
735 2141
743 2144
751 2147
759 2150
767 2153
775 2156
783 2158
791 2160
799 2162
807 2164
815 2166
823 2169
831 2171
839 2173
847 2175
855 2177
863 2179
871 2183
879 2184
887 2184
895 2185
899 2184
471 2036
2616 2017
2604 2026
2592 2034
2580 2042
2568 2050
2556 2057
2544 2064
2532 2071
2520 2078
2508 2085
2496 2091
2484 2097
2472 2102
2460 2108
2448 2113
2436 2119
2424 2125
2412 2130
2400 2136
2404 2135
2392 2140
2388 2142
2380 2146
2376 2148
2368 2151
2364 2153
2356 2157
2352 2158
2344 2162
2340 2163
2332 2167
2328 2168
2320 2172
2316 2174
2308 2177
2304 2179
2296 2182
2292 2184
2284 2189
2280 2190
2272 2192
2268 2193
2260 2195
2256 2196
2248 2197
2244 2198
2236 2199
2232 2199
2224 2200
2220 2200
2620 2010
890 3400
910 3435
930 3453
950 3471
970 3487
990 3501
1010 3511
1030 3519
1050 3527
1070 3534
1090 3540
1110 3545
1130 3550
1150 3553
1170 3557
1190 3560
1210 3564
1230 3568
1250 3571
1270 3574
1290 3577
1310 3580
1330 3583
1350 3585
1370 3588
1390 3590
1410 3592
1430 3594
1450 3597
1470 3599
1490 3601
1510 3602
1530 3603
1550 3605
1570 3607
1590 3607
1610 3607
1630 3607
1650 3607
1670 3607
1690 3607
1710 3607
1730 3606
1750 3605
1770 3603
1790 3601
1810 3599
1830 3596
1850 3593
1870 3590
1890 3583
1910 3578
1930 3574
1950 3569
1970 3564
1990 3558
2010 3548
2030 3537
2050 3526
2070 3519
2090 3512
2110 3504
2130 3494
2150 3483
2170 3471
2190 3460
2210 3446
