1542 659
1542 1281
718 1880
724 1882
730 1884
736 1885
742 1887
748 1889
754 1891
760 1893
766 1895
772 1897
778 1899
784 1900
790 1902
796 1904
802 1907
808 1910
814 1913
820 1916
826 1918
832 1921
838 1924
844 1927
850 1930
856 1932
862 1937
868 1941
874 1944
880 1946
886 1949
892 1952
898 1951
904 1953
910 1956
916 1958
922 1960
928 1962
934 1964
940 1967
946 1969
952 1971
958 1973
964 1975
970 1977
976 1980
982 1982
988 1986
994 1988
1000 1989
1006 1990
1011 1991
704 1871
2516 1922
2510 1924
2504 1926
2498 1924
2492 1926
2486 1928
2480 1931
2474 1933
2468 1936
2462 1938
2456 1940
2450 1943
2444 1945
2438 1948
2432 1950
2426 1952
2420 1955
2414 1957
2408 1959
2402 1962
2396 1964
2390 1966
2384 1968
2378 1970
2372 1972
2366 1974
2360 1977
2354 1979
2348 1981
2342 1983
2336 1990
2330 1990
2324 1992
2318 1994
2312 1997
2306 1999
2300 2002
2294 2004
2288 2007
2282 2009
2276 2011
2270 2014
2264 2016
2258 2019
2252 2021
2246 2024
2240 2026
2234 2028
2228 2031
2223 2031
2542 1906
969 3253
987 3267
1005 3280
1023 3288
1041 3294
1059 3300
1077 3306
1095 3310
1113 3317
1131 3325
1149 3332
1167 3339
1185 3343
1203 3347
1221 3351
1239 3355
1257 3361
1275 3362
1293 3365
1311 3367
1329 3370
1347 3372
1365 3375
1383 3377
1401 3382
1419 3381
1437 3382
1455 3383
1473 3384
1491 3384
1509 3388
1527 3386
1545 3386
1563 3385
1581 3385
1599 3387
1617 3386
1635 3381
1653 3379
1671 3376
1689 3372
1707 3368
1725 3365
1743 3361
1761 3362
1779 3356
1797 3356
1815 3356
1833 3357
1851 3357
1869 3357
1887 3359
1905 3358
1923 3353
1941 3350
1959 3347
1977 3344
1995 3340
2013 3337
2031 3334
2049 3331
2067 3330
2085 3323
2103 3315
2121 3307
2139 3299
2157 3289
